# 
# registered features: 
# 
# FeatureMoleculesIO
# 	Number of monomers: 440
# 	max connectivity: 2
# FeatureBox
# FeatureBondset<FastBondset>
# FeatureLattice<bool>
# FeatureExcludedVolumeSc<FeatureLattice<bool> >
# FeatureBoltzmann
# 
# not registered features: 
# 
# 
# Created by AnalyzerPositionOfTer
# file contains time series of average Rg_squared (Rg2) over all analyzed groups
# format: mcs	 X	 Y	 Z	 OriPos

50000	47	10	10	288	
100000	36	12	16	288	
150000	27	9	14	288	
200000	34	15	16	288	
250000	16	1	18	288	
300000	24	12	4	288	
350000	16	1	12	288	
400000	17	7	13	288	
450000	14	1	9	288	
500000	31	3	14	288	
550000	18	4	14	288	
600000	32	9	14	288	
650000	26	9	12	288	
700000	37	9	18	288	
750000	33	12	14	288	
800000	33	14	1	288	
850000	21	1	3	288	
900000	23	11	7	288	
950000	25	10	13	288	
1e+06	30	2	13	288	
1.05e+06	21	10	15	288	
1.1e+06	16	2	14	288	
1.15e+06	19	2	5	288	
1.2e+06	27	8	9	288	
1.25e+06	24	9	18	288	
1.3e+06	29	5	7	288	
1.35e+06	22	12	10	288	
1.4e+06	13	18	6	288	
1.45e+06	14	5	7	288	
1.5e+06	18	9	5	288	
1.55e+06	26	1	19	288	
1.6e+06	17	6	0	288	
1.65e+06	19	7	4	288	
1.7e+06	37	17	2	288	
1.75e+06	23	3	1	288	
1.8e+06	28	0	9	288	
1.85e+06	23	7	5	288	
1.9e+06	26	9	13	288	
1.95e+06	24	10	13	288	
2e+06	19	8	11	288	
2.05e+06	35	4	2	288	
2.1e+06	28	14	4	288	
2.15e+06	12	12	9	288	
2.2e+06	30	16	17	288	
2.25e+06	29	15	11	288	
2.3e+06	24	20	12	288	
2.35e+06	31	13	1	288	
2.4e+06	31	7	3	288	
2.45e+06	23	9	10	288	
2.5e+06	30	9	4	288	
2.55e+06	29	9	13	288	
2.6e+06	28	17	13	288	
2.65e+06	18	18	11	288	
2.7e+06	32	13	16	288	
2.75e+06	23	10	17	288	
2.8e+06	22	8	0	288	
2.85e+06	15	10	5	288	
2.9e+06	20	19	9	288	
2.95e+06	21	16	16	288	
3e+06	27	11	2	288	
3.05e+06	25	3	18	288	
3.1e+06	25	20	16	288	
3.15e+06	5	19	16	288	
3.2e+06	17	19	13	288	
3.25e+06	14	12	16	288	
3.3e+06	30	7	14	288	
3.35e+06	14	8	10	288	
3.4e+06	17	20	13	288	
3.45e+06	10	13	3	288	
3.5e+06	20	6	6	288	
3.55e+06	10	5	9	288	
3.6e+06	3	14	9	288	
3.65e+06	2	15	10	288	
3.7e+06	13	12	4	288	
3.75e+06	14	18	1	288	
3.8e+06	14	14	13	288	
3.85e+06	5	11	12	288	
3.9e+06	15	15	3	288	
3.95e+06	18	14	2	288	
4e+06	6	1	14	288	
4.05e+06	5	16	5	288	
4.1e+06	16	5	6	288	
4.15e+06	16	15	4	288	
4.2e+06	17	8	11	288	
4.25e+06	8	15	3	288	
4.3e+06	8	11	8	288	
4.35e+06	0	9	11	288	
4.4e+06	9	18	11	288	
4.45e+06	18	10	5	288	
4.5e+06	27	0	5	288	
4.55e+06	25	6	7	288	
4.6e+06	6	15	19	288	
4.65e+06	7	10	7	288	
4.7e+06	2	10	8	288	
4.75e+06	16	13	9	288	
4.8e+06	9	3	15	288	
4.85e+06	11	10	9	288	
4.9e+06	15	8	4	288	
4.95e+06	7	17	6	288	
5e+06	11	12	4	288	
5.05e+06	4	19	6	288	
5.1e+06	6	15	11	288	
5.15e+06	11	7	18	288	
5.2e+06	2	12	5	288	
5.25e+06	14	11	16	288	
5.3e+06	15	6	12	288	
5.35e+06	4	9	20	288	
5.4e+06	4	12	11	288	
5.45e+06	7	15	18	288	
5.5e+06	7	17	14	288	
5.55e+06	12	7	18	288	
5.6e+06	2	10	9	288	
5.65e+06	15	2	15	288	
5.7e+06	7	1	12	288	
5.75e+06	10	15	11	288	
5.8e+06	6	7	14	288	
5.85e+06	1	6	20	288	
5.9e+06	5	17	16	288	
5.95e+06	6	13	20	288	
6e+06	10	15	14	288	
6.05e+06	2	11	4	288	
6.1e+06	3	12	12	288	
6.15e+06	19	18	20	288	
6.2e+06	7	2	14	288	
6.25e+06	12	9	16	288	
6.3e+06	3	5	2	288	
6.35e+06	12	10	20	288	
6.4e+06	8	8	15	288	
6.45e+06	14	0	11	288	
6.5e+06	7	17	10	288	
6.55e+06	25	7	14	288	
6.6e+06	11	4	10	288	
6.65e+06	8	5	5	288	
6.7e+06	11	0	9	288	
6.75e+06	12	11	16	288	
6.8e+06	18	12	17	288	
6.85e+06	14	6	9	288	
6.9e+06	0	9	11	288	
6.95e+06	4	3	2	288	
7e+06	11	6	14	288	
7.05e+06	4	11	11	288	
7.1e+06	3	20	8	288	
7.15e+06	10	16	14	288	
7.2e+06	14	8	8	288	
7.25e+06	12	3	5	288	
7.3e+06	14	8	7	288	
7.35e+06	11	17	10	288	
7.4e+06	14	8	18	288	
7.45e+06	7	16	16	288	
7.5e+06	23	14	13	288	
7.55e+06	16	16	10	288	
7.6e+06	18	3	10	288	
7.65e+06	20	6	10	288	
7.7e+06	16	6	3	288	
7.75e+06	27	17	12	288	
7.8e+06	24	12	6	288	
7.85e+06	33	15	7	288	
7.9e+06	37	12	10	288	
7.95e+06	28	19	10	288	
8e+06	38	4	16	288	
8.05e+06	25	4	14	288	
8.1e+06	25	1	14	288	
8.15e+06	23	10	15	288	
8.2e+06	16	8	12	288	
8.25e+06	32	3	13	288	
8.3e+06	44	10	11	288	
8.35e+06	32	4	15	288	
8.4e+06	24	11	10	288	
8.45e+06	24	3	11	288	
8.5e+06	19	11	11	288	
8.55e+06	21	15	8	288	
8.6e+06	31	5	7	288	
8.65e+06	22	12	5	288	
8.7e+06	29	7	6	288	
8.75e+06	10	16	11	288	
8.8e+06	10	0	13	288	
8.85e+06	11	11	9	288	
8.9e+06	11	12	6	288	
8.95e+06	19	6	17	288	
9e+06	32	2	16	288	
9.05e+06	37	12	14	288	
9.1e+06	35	10	18	288	
9.15e+06	28	4	13	288	
9.2e+06	19	18	7	288	
9.25e+06	33	16	17	288	
9.3e+06	30	19	11	288	
9.35e+06	28	20	9	288	
9.4e+06	28	14	3	288	
9.45e+06	35	7	8	288	
9.5e+06	28	11	10	288	
9.55e+06	26	6	15	288	
9.6e+06	6	13	9	288	
9.65e+06	13	15	14	288	
9.7e+06	8	8	15	288	
9.75e+06	15	11	17	288	
9.8e+06	12	2	15	288	
9.85e+06	13	15	14	288	
9.9e+06	20	7	9	288	
9.95e+06	35	14	13	288	
1e+07	11	11	4	288	
