# 
# registered features: 
# 
# FeatureMoleculesIO
# 	Number of monomers: 440
# 	max connectivity: 2
# FeatureBox
# FeatureBondset<FastBondset>
# FeatureLattice<bool>
# FeatureExcludedVolumeSc<FeatureLattice<bool> >
# FeatureBoltzmann
# 
# not registered features: 
# 
# 
# Created by AnalyzerRadiusOfGyration
# file contains time series of average Rg_squared (Rg2) over all analyzed groups
# format: mcs	 Rg2X	 Rg2Y	 Rg2Z	 Rg2Total

50000	202.15	14.7939	23.091	240.035	
100000	139.687	19.885	24.1198	183.692	
150000	160.198	13.4204	22.9383	196.557	
200000	115.943	21.5425	34.0467	171.532	
250000	226.303	25.5467	34.2493	286.099	
300000	142.352	23.1724	27.1958	192.721	
350000	169.693	40.7074	19.4728	229.873	
400000	118.059	26.0616	18.0628	162.184	
450000	112.157	24.684	24.2763	161.117	
500000	205.159	19.1153	23.0242	247.298	
550000	275.375	21.2784	24.1973	320.851	
600000	271.12	10.7104	27.0187	308.849	
650000	268.723	8.99303	19.4072	297.123	
700000	202.044	14.5962	24.5125	241.153	
750000	280.639	33.0525	22.8622	336.553	
800000	242.273	21.9581	26.3994	290.63	
850000	392.668	29.4224	26.1042	448.194	
900000	240.177	15.4743	31.0533	286.704	
950000	302.758	29.1506	29.67	361.578	
1e+06	260.507	19.0083	24.3899	303.905	
1.05e+06	292.872	23.5979	26.6965	343.166	
1.1e+06	324.768	28.921	33.1157	386.804	
1.15e+06	404.824	30.4294	19.0765	454.33	
1.2e+06	409.811	21.3816	31.7216	462.914	
1.25e+06	571.068	21.5547	21.5914	614.214	
1.3e+06	428.313	20.6453	25.3082	474.266	
1.35e+06	421.407	29.8545	17.1066	468.368	
1.4e+06	504.341	29.3237	28.1042	561.768	
1.45e+06	534.771	15.2306	17.6066	567.608	
1.5e+06	494.13	18.3587	32.653	545.142	
1.55e+06	355.394	28.3586	32.7597	416.512	
1.6e+06	450.663	23.0178	32.1939	505.875	
1.65e+06	370.473	25.5128	16.0234	412.009	
1.7e+06	303.328	21.9867	31.8842	357.199	
1.75e+06	268.547	22.3052	29.2434	320.095	
1.8e+06	473.413	18.7894	31.9001	524.103	
1.85e+06	284.774	31.9335	24.7361	341.443	
1.9e+06	261.507	20.5322	22.5623	304.601	
1.95e+06	205.461	11.082	26.4841	243.027	
2e+06	282.808	23.6765	18.6309	325.115	
2.05e+06	294.664	12.7842	32.466	339.914	
2.1e+06	248.371	12.0609	30.7164	291.149	
2.15e+06	252.908	24.9047	27.4768	305.289	
2.2e+06	153.51	23.8784	26.8763	204.265	
2.25e+06	164.243	19.0905	21.8871	205.22	
2.3e+06	112.943	25.8334	20.961	159.738	
2.35e+06	124.751	26.2734	22.1079	173.132	
2.4e+06	146.424	30.3255	21.2506	198	
2.45e+06	126.273	37.4875	24.1253	187.886	
2.5e+06	284.438	22.6876	16.0332	323.158	
2.55e+06	271.802	21.8421	33.3022	326.947	
2.6e+06	343.459	18.9948	25.7822	388.236	
2.65e+06	415.563	20.5088	21.4396	457.511	
2.7e+06	301.269	16.5079	26.9093	344.686	
2.75e+06	343.825	17.6281	23.7271	385.181	
2.8e+06	440.137	25.6447	27.0561	492.838	
2.85e+06	473.283	12.3202	25.383	510.986	
2.9e+06	469.45	24.527	26.9508	520.928	
2.95e+06	523.48	31.3676	22.5234	577.371	
3e+06	381.396	24.0499	20.4439	425.89	
3.05e+06	437.231	29.1807	29.1066	495.518	
3.1e+06	335.033	25.4421	25.0325	385.507	
3.15e+06	559.044	24.5522	20.9684	604.565	
3.2e+06	324.089	30.0878	20.7471	374.924	
3.25e+06	382.121	21.121	25.3025	428.545	
3.3e+06	155.013	18.2251	30.2569	203.495	
3.35e+06	226.53	21.193	22.9847	270.708	
3.4e+06	248.168	22.6835	20.4037	291.255	
3.45e+06	215.366	19.3715	18.7722	253.51	
3.5e+06	119.959	27.6125	21.786	169.358	
3.55e+06	208.482	28.3947	34.0654	270.942	
3.6e+06	301.237	18.4861	30.0367	349.76	
3.65e+06	396.336	19.7505	25.874	441.961	
3.7e+06	247.586	17.8019	29.7909	295.179	
3.75e+06	237.275	26.7361	22.1876	286.199	
3.8e+06	245.208	22.1412	26.4574	293.806	
3.85e+06	355.467	25.7513	29.4816	410.7	
3.9e+06	260.971	23.0289	26.5663	310.566	
3.95e+06	218.808	23.6329	29.7822	272.223	
4e+06	200.724	29.7327	23.6018	254.059	
4.05e+06	143.956	38.25	20.1503	202.356	
4.1e+06	122.16	23.9532	34.4659	180.579	
4.15e+06	142.782	26.558	28.4631	197.803	
4.2e+06	125.447	26.8953	20.4795	172.821	
4.25e+06	304.269	24.135	25.4841	353.888	
4.3e+06	184.474	28.0197	17.9972	230.491	
4.35e+06	268.683	25.761	15.4795	309.923	
4.4e+06	342.958	35.5942	26.6094	405.161	
4.45e+06	239.928	17.5851	23.5384	281.052	
4.5e+06	339.08	25.6225	22.4003	387.103	
4.55e+06	220.878	36.4735	24.4543	281.806	
4.6e+06	326.309	34.0615	26.7867	387.157	
4.65e+06	416.153	22.9466	30.6058	469.705	
4.7e+06	422.321	25.434	16.5952	464.351	
4.75e+06	310.028	16.4356	19.4996	345.963	
4.8e+06	618.434	28.9707	23.2759	670.681	
4.85e+06	451.159	16.697	15.4923	483.348	
4.9e+06	559.89	23.8033	26.9335	610.627	
4.95e+06	374.452	24.2448	20.8953	419.592	
5e+06	328.454	19.6501	17.8032	365.907	
5.05e+06	356.404	22.6337	12.0123	391.05	
5.1e+06	334.143	20.9791	15.3676	370.489	
5.15e+06	235.238	22.365	26.4167	284.02	
5.2e+06	207.347	19.6958	28.2554	255.298	
5.25e+06	193.931	27.3237	30.5173	251.772	
5.3e+06	231.271	30.3393	26.9576	288.568	
5.35e+06	336.422	13.5585	22.9001	372.881	
5.4e+06	287.487	24.8767	31.6838	344.048	
5.45e+06	294.302	22.3615	19.2327	335.896	
5.5e+06	259.881	29.184	21.3558	310.421	
5.55e+06	201.933	19.0097	22.8937	243.836	
5.6e+06	271.243	19.831	17.4763	308.55	
5.65e+06	373.004	24.7268	21.3002	419.031	
5.7e+06	257.721	21.5532	24.1741	303.448	
5.75e+06	370.308	27.7029	25.2251	423.236	
5.8e+06	141.794	26.8279	23.4301	192.052	
5.85e+06	182.119	27.9368	31.7104	241.766	
5.9e+06	160.67	26.2526	28.536	215.459	
5.95e+06	233.855	17.9571	31.5277	283.34	
6e+06	123.123	26.5365	19.9702	169.629	
6.05e+06	271.202	15.4333	27.9442	314.58	
6.1e+06	248.264	16.2901	27.1799	291.734	
6.15e+06	248.344	35.0831	21.6563	305.084	
6.2e+06	176.487	22.3784	22.4072	221.272	
6.25e+06	227.694	24.331	20.6004	272.626	
6.3e+06	356.142	23.6446	22.5268	402.313	
6.35e+06	303.592	21.0547	26.7295	351.376	
6.4e+06	270.489	11.9894	23.537	306.015	
6.45e+06	297.918	28.8677	19.402	346.188	
6.5e+06	277.479	25.9882	15.088	318.555	
6.55e+06	360.816	33.5571	23.4179	417.791	
6.6e+06	447.295	21.5499	15.4231	484.268	
6.65e+06	286.647	27.0859	38.3784	352.112	
6.7e+06	349.615	21.8653	24.975	396.456	
6.75e+06	399.969	19.7666	15.2029	434.938	
6.8e+06	456.523	22.4072	26.4729	505.403	
6.85e+06	443.737	21.9791	18.6342	484.351	
6.9e+06	373.858	19.7271	18.4844	412.07	
6.95e+06	298.465	28.928	23.1176	350.511	
7e+06	159.484	20.7243	27.7916	208	
7.05e+06	192.977	21.8262	21.9072	236.71	
7.1e+06	252.05	23.3753	23.7126	299.138	
7.15e+06	239.861	22.4532	20.9342	283.248	
7.2e+06	170.029	21.0966	20.0975	211.223	
7.25e+06	204.299	26.2941	18.0047	248.598	
7.3e+06	225.321	19.0005	22.2964	266.618	
7.35e+06	119.83	33.5782	21.8504	175.259	
7.4e+06	179.559	29.0346	25.8653	234.459	
7.45e+06	223.998	24.1695	24.2531	272.421	
7.5e+06	175.885	17.2734	24.905	218.063	
7.55e+06	245.501	20.7292	20.6856	286.915	
7.6e+06	192.526	18.9733	15.9882	227.488	
7.65e+06	136.501	18.4027	28.2295	183.133	
7.7e+06	146.216	20.9487	27.5616	194.727	
7.75e+06	153.408	26.894	22.0031	202.305	
7.8e+06	132.454	17.4737	25.45	175.378	
7.85e+06	128.415	23.8123	25.6887	177.916	
7.9e+06	101.46	25.6371	30.5152	157.612	
7.95e+06	96.3725	32.8525	21.9684	151.193	
8e+06	183.728	31.8881	30.148	245.764	
8.05e+06	222.586	23.4255	25.8081	271.82	
8.1e+06	212.865	25.0921	27.2621	265.219	
8.15e+06	250.511	15.1021	28.4536	294.066	
8.2e+06	363.907	23.8179	21.8128	409.538	
8.25e+06	266.14	24.9307	25.3295	316.401	
8.3e+06	215.144	24.1177	28.3059	267.567	
8.35e+06	280.22	26.8057	26.7974	333.823	
8.4e+06	253.633	17.9721	27.7637	299.369	
8.45e+06	368.881	18.063	21.1921	408.136	
8.5e+06	410.943	22.5557	24.7228	458.222	
8.55e+06	442.539	21.7337	32.8677	497.141	
8.6e+06	319.974	16.3022	21.3032	357.58	
8.65e+06	350.727	25.3274	18.1634	394.218	
8.7e+06	305.645	28.727	24.6863	359.058	
8.75e+06	447.751	29.3109	18.7081	495.77	
8.8e+06	477.934	20.5917	23.8286	522.354	
8.85e+06	509.04	23.4307	22.7662	555.237	
8.9e+06	625.804	15.2797	26.4134	667.497	
8.95e+06	544.569	25.894	33.2361	603.699	
9e+06	361.714	22.125	31.3521	415.191	
9.05e+06	356.068	24.866	34.7333	415.667	
9.1e+06	362.273	22.091	26.1679	410.532	
9.15e+06	436.88	18.652	28.2382	483.77	
9.2e+06	531.395	25.2685	19.9564	576.62	
9.25e+06	326.534	35.7094	19.5255	381.769	
9.3e+06	436.327	17.9373	28.0317	482.296	
9.35e+06	298.429	20.8282	27.3475	346.605	
9.4e+06	304.346	29.0131	18.3296	351.689	
9.45e+06	276.894	20.0387	26.903	323.836	
9.5e+06	260.647	14.966	27.4952	303.109	
9.55e+06	312.637	26.7413	22.4694	361.848	
9.6e+06	546.045	30.1416	29.2625	605.449	
9.65e+06	573.184	32.4449	25.4209	631.05	
9.7e+06	335.873	20.4092	23.1509	379.433	
9.75e+06	256.349	26.241	24.5125	307.102	
9.8e+06	297.241	26.5656	31.6205	355.427	
9.85e+06	407.511	10.9809	18.5351	437.027	
9.9e+06	240.792	31.7908	20.4612	293.044	
9.95e+06	212.408	16.6813	28.6972	257.787	
1e+07	406.548	19.4307	26.3248	452.304	
